0,0
1,1
11,,0,0
11,,2,1,0,0
11,,1,,1,,0,0
34,,2,,1,,1
25,,1,,1,,1
25,,1,,,,1,,0
25,,1,,,,1,,,0
25,,1,,,,1,,,,0,0,0
25,,11,,,,1,,,,1,1
25,,1,,,,25,,,,1,1
,,34,,,,34,,,,34,,,0,0
,,34,,,,34,,,,25,,,,,0,0,0
,,34,,,,34,,,,34,,,,,,,,0
,,34,,,,34,,,,34,,,,,,,,,0,0,0,0
,,25,,,,25,,,,25,,,,,,,,,,1,1,,0
,,25,,,,25,,,,25,,,,,,,,,,,1,,,0,0,0
,,25,,,,25,,,,25
,,34,,,,25,,,,25,,,,,,,,,,,,,,,,,0,0
,,34,,,,25,,,,25,,,,,,,,,,,,,,,,,11,,0,0,0,0
,,34,,,,25,,,,25,,,,,,,,,,,,,,,,,25,,,11,2,1
,,25,,,,25,,,,25,,,,,,,,,,,,,,,,,,,,,25,,0
,,34,,,,34,,,,34,,,,,,,,,,,,,,,,,,,,,,,,0
,,34,,,,34,,,,34,,,,,,,,,,,,,,,,,,,,,,,,1,0
,,25,,,,25,,,,25,,,,,,,,,,,,,,,,,,,,,,,,1,1,0
,,94,,,,25,,,,25
,,94,,,,94,,,,94,,,,,,,,,,,,,,,,,,,,,,,,,,,0,0,0,0
,,94,,,,94,,,,94,,,,,,,,,,,,,,,,,,,,,,,,,,,,,,,0,0
,,94,,,,94,,,,94,,,,,,,,,,,,,,,,,,,,,,,,,,,,,,,,,0,0,0
,,94,,,,94,,,,94,,,,,,,,,,,,,,,,,,,,,,,,,,,,,,,,,,,,0
,,94,,,,94,,,,94,,,,,,,,,,,,,,,,,,,,,,,,,,,,,,,,,,,,,0,0
,,94,,,,94,,,,94,,,,,,,,,,,,,,,,,,,,,,,,,,,,,,,,,,,,,,,0,0,0
,,94,,,,94,,,,94,,,,,,,,,,,,,,,,,,,,,,,,,,,,,,,,,,,,,,,,,,0,0
,,94,,,,94,,,,94,,,,,,,,,,,,,,,,,,,,,,,,,,,,,,,,,,,,,,,,,,,,0
,,94,,,,94,,,,94
,,94,,,,94,,,,94
,,94,,,,94,,,,94,,,,,,,,,,,,,,,,,,,,,,,,,,,,,,,,,,,,,,,,,,,,,0
,,94,,,,94,,,,94
,,94,,,,94,,,,94,,,,,,,,,,,,,,,,,,,,,,,,,,,,,,,,,,,,,,,,,,,,,,0,0,0,0
,,94,,,,94,,,,94,,,,,,,,,,,,,,,,,,,,,,,,,,,,,,,,,,,,,,,,,,,,,,,,,,0
,,94,,,,94,,,,94,,,,,,,,,,,,,,,,,,,,,,,,,,,,,,,,,,,,,,,,,,,,,,,,,,1,0
,,94,,,,94,,,,,,,,,,,,,,,,,,,,,,,,,,,,,,,,,,,,,,,,,,,,,,,,,,,,,,,1,0,0
,,94,,,,94,,,,,,,,,,,,,,,,,,,,,,,,,,,,,,,,,,,,,,,,,,,,,,,,,,,,,,,1,,,0,0
,,94,,,,94,,,,,,,,,,,,,,,,,,,,,,,,,,,,,,,,,,,,,,,,,,,,,,,,,,,,,,,1,,,,,0,0
,,94,,,,94,,,,,,,,,,,,,,,,,,,,,,,,,,,,,,,,,,,,,,,,,,,,,,,,,,,,,,,1,,,,,,,0,0,0
,,94,,,,94,,,,,,,,,,,,,,,,,,,,,,,,,,,,,,,,,,,,,,,,,,,,,,,,,,,,,,,,,,,,,,1,,1,0,0
,,94,,,,94,,,,,,,,,,,,,,,,,,,,,,,,,,,,,,,,,,,,,,,,,,,,,,,,,,,,,,,,,,,,,,11,,1,,,0,0
,,94,,,,94,,,,,,,,,,,,,,,,,,,,,,,,,,,,,,,,,,,,,,,,,,,,,,,,,,,,,,,,,,,,,,2,,1,,,1
,,94,,,,94,,,,,,,,,,,,,,,,,,,,,,,,,,,,,,,,,,,,,,,,,,,,,,,,,,,,,,,,,,,,,,1,,11,,,,,0,0,0,0,0